0011111111 0110 zuppo· 010001001 serien-connum

1101001010 11111 ’1101111111 111 1111111,

Δ senooz mamm! Οἳ m 11ΔῖἩῖ momen.
111 Two Pom. omn-musa 0111) mama-um.

ΒΥ DR. KAo‘rscnmo'r.

rernm 000 11110 10101 lamo. 1010010 01 010 01000 11111100 111 0011010 colom
000 111001111110111Ῠῖ00ιῖ001 uz
0110, 10111. Latin-English. 10 000 1100000100 1010010011001110001101 01
00011150010100.-Ρ1100.00 010

hrt Π. 10111111-111110,110011110010100,00011010100100-10100,70010.

while 0010101 10100010 000001100010110 Iaexioom 0010 11111110 11011
{otro 0000 10οΙ100εο 10 11110 0000111, 0 010101010010000 1011000 0000011·
00100 010 1000800001, 11101101101.11111011 11111111 1000000010 00101000000
11011111111111111111011*11111οω111ἱῖῑέ111.ὶῖ111113111111
· 0001011100111110001000100 1110010011100 010101001110 1110 00101000 00110101,
1111111111111111’111111110111102111111114111101
000 00110 1110111100, 0001110 001000 01 110 01011110101100 00111010 010 0000101001
’“111“111.ἑ’1111111111111“11,11111111 1111111111ῗί0“111111“111
(10101011 110110011011001, 11001 100 0001 110110 010110001100 1101110 000 1010010·
001 Europe. 00 1100 00011 00101111111011100 01110110000010 Schmin„ 11001000
010000010οι 000 010110101ῐί000 00010 001 00 1011001000, u 1000101011010 11110
1110 0010010101 11111011 100 1110ιί011011 10 intended. 0110 0000000 1001110010 11010
01101100 000010οηοΙ1 100 0011101 1001010100 00 100 0100111000, 111100 0000
thought 0011000111 to 1110, 00 101 00 possible, 100 0110101011 01 00011 11010, 001
0011110010111 10110 1011001 010011 1001, 001 10 10010 01 111001001011110 01
111111101111111111111111110211111111111111111111111.
0011011 1ο 01111100 100 10010011011101010100110 1001011110 1001001 1000111101
1111111100,1111011111ὲὲ11111111,1“ψ““ '²¹¹¹' ¹‘ ¹¹¹ ‘²¹¹' ’²⁸⁸'

The 0101 011110 10011000101110 been 10 00111 001 1110 00111010 110110 00101 00
possible 01 10010110 000 arrangement 011110 1010100. ’100 type. 11100111 01001
000 well printed. 10 001011, 000 100 0100 of 100 page 00000010 11100001 00 im·
010000 0100001 01 010110110 1110000110οι 01 0 0101Ιο 0000001011 18111010101110.
0110111100 010 price 101 below 11110110 00001 11110 00011 1101111000 11100 placing
Ξὶῗὲὲη111111111101111111111111 1111110111111111111111

stom 11.11.’1’1111101. 000, 0010011, 0010001, 1840. ’

111111 10001010000011011 0 01010 1018011001 provided 1010011000 wito 8011111100 00111101
11111110 0011101, 000 010 Just 0010110001 1110 01010. Τ110 1001010000οε0 01 100 1100100001
001010 0010001000 0110100101, 00100000 0001100111,1001 1 Ι011011 100010100υο 100 009010
fotum 01110000 00010 01011 11111101 0011100 1 know 01. I⁴ 010 1001111011 101110 001110 0110100
00000101011110 commentam 01001001, 000 011011 10011100 00οο 00 0000101010 1000001101·
room² Tho 1110101001 1100 0100000 100 01000010111, 100 1 011101, n 0000 00 1111101010, 10110-
1101111111111111111101110111011111111111
ψΜἭωΛΜ 000010, 0011 00110110· 11111, 000 to 100 10101· 111111 011000 1001 11111 00

rm Pnor. 1100110, 7001011011πί0 ὖ111-00-11111λ1011011011, Ky ,40100 31, 1819.

1111010101 10000000 011Ι position 1001 give 010, 011011 bo 10001 0110010101 employed 111
000110110101000101000111111011001 111000 1011 10100010 11111110. 111001 11101 10011111
prosecuto to 011000 1111 10110000 001100, 000 11101 1110 0100οῑ100 os 1000010011010010 111
ffilffffiwffifflwfflmfflsswlfflhfflfflflfflmflffl r

 

